---------------------------------------------------------------------------------
|  run     |  epoch  |  train_acc  |  val_acc  |  tta_val_acc  |  time_seconds  |
---------------------------------------------------------------------------------
|  warmup  |      0  |     0.0995  |   0.0967  |               |        1.6514  |
|          |      1  |     0.0970  |   0.0951  |               |        2.2067  |
|          |      2  |     0.1100  |   0.1231  |               |        2.7601  |
|          |      3  |     0.1105  |   0.1104  |               |        3.2806  |
|          |      4  |     0.1190  |   0.0678  |               |        3.8003  |
|          |      5  |     0.1170  |   0.0854  |               |        4.3211  |
|          |      6  |     0.1115  |   0.0902  |               |        4.8412  |
|          |      7  |     0.1055  |   0.0865  |               |        5.3623  |
|          |   eval  |     0.1055  |   0.0865  |       0.0831  |        5.5392  |
---------------------------------------------------------------------------------
|       0  |      0  |     0.6895  |   0.6360  |               |        0.5603  |
|          |      1  |     0.7920  |   0.7457  |               |        1.1151  |
|          |      2  |     0.8495  |   0.7864  |               |        1.6693  |
|          |      3  |     0.8650  |   0.7813  |               |        2.1903  |
|          |      4  |     0.8955  |   0.8591  |               |        2.7107  |
|          |      5  |     0.9250  |   0.9068  |               |        3.2317  |
|          |      6  |     0.9445  |   0.9212  |               |        3.7522  |
|          |      7  |     0.9730  |   0.9319  |               |        4.2733  |
|          |   eval  |     0.9730  |   0.9319  |       0.9388  |        4.4502  |
---------------------------------------------------------------------------------
|       1  |      0  |     0.6830  |   0.5059  |               |        0.5627  |
|          |      1  |     0.8130  |   0.6811  |               |        1.1174  |
|          |      2  |     0.8505  |   0.7164  |               |        1.6716  |
|          |      3  |     0.8750  |   0.8312  |               |        2.1926  |
|          |      4  |     0.8925  |   0.8422  |               |        2.7130  |
|          |      5  |     0.9310  |   0.8922  |               |        3.2340  |
|          |      6  |     0.9545  |   0.9175  |               |        3.7544  |
|          |      7  |     0.9700  |   0.9324  |               |        4.2770  |
|          |   eval  |     0.9700  |   0.9324  |       0.9393  |        4.4544  |
---------------------------------------------------------------------------------
|       2  |      0  |     0.6700  |   0.6432  |               |        0.5606  |
|          |      1  |     0.8065  |   0.7202  |               |        1.1172  |
|          |      2  |     0.8440  |   0.8131  |               |        1.6732  |
|          |      3  |     0.8710  |   0.8028  |               |        2.1959  |
|          |      4  |     0.8960  |   0.8469  |               |        2.7182  |
|          |      5  |     0.9205  |   0.9048  |               |        3.2409  |
|          |      6  |     0.9470  |   0.9206  |               |        3.7632  |
|          |      7  |     0.9765  |   0.9295  |               |        4.2859  |
|          |   eval  |     0.9765  |   0.9295  |       0.9382  |        4.4633  |
---------------------------------------------------------------------------------
|       3  |      0  |     0.6985  |   0.5882  |               |        0.5623  |
|          |      1  |     0.8005  |   0.7504  |               |        1.1189  |
|          |      2  |     0.8475  |   0.7954  |               |        1.6750  |
|          |      3  |     0.8570  |   0.8438  |               |        2.1978  |
|          |      4  |     0.8975  |   0.8707  |               |        2.7199  |
|          |      5  |     0.9285  |   0.8926  |               |        3.2427  |
|          |      6  |     0.9475  |   0.9162  |               |        3.7649  |
|          |      7  |     0.9785  |   0.9296  |               |        4.2881  |
|          |   eval  |     0.9785  |   0.9296  |       0.9403  |        4.4655  |
---------------------------------------------------------------------------------
|       4  |      0  |     0.6645  |   0.6374  |               |        0.5626  |
|          |      1  |     0.8110  |   0.7065  |               |        1.1193  |
|          |      2  |     0.8265  |   0.7691  |               |        1.6753  |
|          |      3  |     0.8800  |   0.8054  |               |        2.1982  |
|          |      4  |     0.8955  |   0.8833  |               |        2.7205  |
|          |      5  |     0.9100  |   0.8921  |               |        3.2433  |
|          |      6  |     0.9385  |   0.9226  |               |        3.7656  |
|          |      7  |     0.9680  |   0.9328  |               |        4.2884  |
|          |   eval  |     0.9680  |   0.9328  |       0.9407  |        4.4659  |
---------------------------------------------------------------------------------
|       5  |      0  |     0.6670  |   0.6495  |               |        0.5618  |
|          |      1  |     0.8010  |   0.6472  |               |        1.1180  |
|          |      2  |     0.8600  |   0.7487  |               |        1.6737  |
|          |      3  |     0.8670  |   0.8458  |               |        2.1961  |
|          |      4  |     0.8945  |   0.8570  |               |        2.7179  |
|          |      5  |     0.9180  |   0.8704  |               |        3.2403  |
|          |      6  |     0.9530  |   0.9227  |               |        3.7622  |
|          |      7  |     0.9695  |   0.9316  |               |        4.2846  |
|          |   eval  |     0.9695  |   0.9316  |       0.9390  |        4.4620  |
---------------------------------------------------------------------------------
|       6  |      0  |     0.6890  |   0.6680  |               |        0.5622  |
|          |      1  |     0.8030  |   0.7532  |               |        1.1184  |
|          |      2  |     0.8640  |   0.7703  |               |        1.6741  |
|          |      3  |     0.8815  |   0.8212  |               |        2.1965  |
|          |      4  |     0.9100  |   0.8582  |               |        2.7183  |
|          |      5  |     0.9220  |   0.8852  |               |        3.2409  |
|          |      6  |     0.9545  |   0.9204  |               |        3.7628  |
|          |      7  |     0.9695  |   0.9334  |               |        4.2854  |
|          |   eval  |     0.9695  |   0.9334  |       0.9416  |        4.4629  |
---------------------------------------------------------------------------------
|       7  |      0  |     0.6935  |   0.6235  |               |        0.5623  |
|          |      1  |     0.8135  |   0.7721  |               |        1.1186  |
|          |      2  |     0.8400  |   0.6992  |               |        1.6744  |
|          |      3  |     0.8645  |   0.8178  |               |        2.1968  |
|          |      4  |     0.8850  |   0.8587  |               |        2.7188  |
|          |      5  |     0.9230  |   0.8928  |               |        3.2413  |
|          |      6  |     0.9460  |   0.9214  |               |        3.7633  |
|          |      7  |     0.9725  |   0.9315  |               |        4.2859  |
|          |   eval  |     0.9725  |   0.9315  |       0.9396  |        4.4634  |
---------------------------------------------------------------------------------
|       8  |      0  |     0.6765  |   0.6489  |               |        0.5622  |
|          |      1  |     0.8080  |   0.7070  |               |        1.1185  |
|          |      2  |     0.8495  |   0.7513  |               |        1.6743  |
|          |      3  |     0.8655  |   0.8400  |               |        2.1969  |
|          |      4  |     0.8930  |   0.8622  |               |        2.7188  |
|          |      5  |     0.9090  |   0.9002  |               |        3.2413  |
|          |      6  |     0.9450  |   0.9177  |               |        3.7633  |
|          |      7  |     0.9690  |   0.9301  |               |        4.2858  |
|          |   eval  |     0.9690  |   0.9301  |       0.9393  |        4.4635  |
---------------------------------------------------------------------------------
|       9  |      0  |     0.6970  |   0.5775  |               |        0.5626  |
|          |      1  |     0.7990  |   0.5532  |               |        1.1194  |
|          |      2  |     0.8505  |   0.7510  |               |        1.6757  |
|          |      3  |     0.8780  |   0.7792  |               |        2.1987  |
|          |      4  |     0.8995  |   0.8878  |               |        2.7211  |
|          |      5  |     0.9255  |   0.8981  |               |        3.2440  |
|          |      6  |     0.9480  |   0.9219  |               |        3.7665  |
|          |      7  |     0.9755  |   0.9327  |               |        4.2895  |
|          |   eval  |     0.9755  |   0.9327  |       0.9393  |        4.4673  |
---------------------------------------------------------------------------------
|      10  |      0  |     0.6795  |   0.3423  |               |        0.5628  |
|          |      1  |     0.7990  |   0.5610  |               |        1.1197  |
|          |      2  |     0.8455  |   0.7106  |               |        1.6760  |
|          |      3  |     0.8730  |   0.7778  |               |        2.1989  |
|          |      4  |     0.8940  |   0.8552  |               |        2.7213  |
|          |      5  |     0.9225  |   0.8810  |               |        3.2444  |
|          |      6  |     0.9475  |   0.9183  |               |        3.7669  |
|          |      7  |     0.9675  |   0.9310  |               |        4.2900  |
|          |   eval  |     0.9675  |   0.9310  |       0.9408  |        4.4677  |
---------------------------------------------------------------------------------
|      11  |      0  |     0.6765  |   0.5099  |               |        0.5628  |
|          |      1  |     0.7880  |   0.7301  |               |        1.1198  |
|          |      2  |     0.8385  |   0.8026  |               |        1.6761  |
|          |      3  |     0.8755  |   0.8363  |               |        2.1991  |
|          |      4  |     0.9125  |   0.8283  |               |        2.7216  |
|          |      5  |     0.9295  |   0.8901  |               |        3.2446  |
|          |      6  |     0.9490  |   0.9224  |               |        3.7671  |
|          |      7  |     0.9640  |   0.9297  |               |        4.2902  |
|          |   eval  |     0.9640  |   0.9297  |       0.9389  |        4.4679  |
---------------------------------------------------------------------------------
|      12  |      0  |     0.6715  |   0.5055  |               |        0.5629  |
|          |      1  |     0.7970  |   0.6841  |               |        1.1198  |
|          |      2  |     0.8720  |   0.7437  |               |        1.6761  |
|          |      3  |     0.8765  |   0.8356  |               |        2.1992  |
|          |      4  |     0.8885  |   0.8736  |               |        2.7217  |
|          |      5  |     0.9170  |   0.8997  |               |        3.2447  |
|          |      6  |     0.9495  |   0.9168  |               |        3.7672  |
|          |      7  |     0.9675  |   0.9316  |               |        4.2909  |
|          |   eval  |     0.9675  |   0.9316  |       0.9401  |        4.4690  |
---------------------------------------------------------------------------------
|      13  |      0  |     0.7240  |   0.5192  |               |        0.5634  |
|          |      1  |     0.8125  |   0.7483  |               |        1.1210  |
|          |      2  |     0.8320  |   0.7956  |               |        1.6782  |
|          |      3  |     0.8710  |   0.7731  |               |        2.2020  |
|          |      4  |     0.8870  |   0.8694  |               |        2.7252  |
|          |      5  |     0.9215  |   0.8833  |               |        3.2490  |
|          |      6  |     0.9470  |   0.9202  |               |        3.7723  |
|          |      7  |     0.9775  |   0.9339  |               |        4.2960  |
|          |   eval  |     0.9775  |   0.9339  |       0.9395  |        4.4741  |
---------------------------------------------------------------------------------
|      14  |      0  |     0.7130  |   0.5505  |               |        0.5637  |
|          |      1  |     0.7890  |   0.6016  |               |        1.1213  |
|          |      2  |     0.8395  |   0.6631  |               |        1.6784  |
|          |      3  |     0.8735  |   0.8213  |               |        2.2022  |
|          |      4  |     0.9045  |   0.8564  |               |        2.7255  |
|          |      5  |     0.9275  |   0.8804  |               |        3.2493  |
|          |      6  |     0.9405  |   0.9238  |               |        3.7725  |
|          |      7  |     0.9765  |   0.9325  |               |        4.2963  |
|          |   eval  |     0.9765  |   0.9325  |       0.9390  |        4.4743  |
---------------------------------------------------------------------------------
|      15  |      0  |     0.6850  |   0.4526  |               |        0.5637  |
|          |      1  |     0.8050  |   0.7359  |               |        1.1213  |
|          |      2  |     0.8405  |   0.7109  |               |        1.6785  |
|          |      3  |     0.8635  |   0.8279  |               |        2.2023  |
|          |      4  |     0.8965  |   0.8440  |               |        2.7256  |
|          |      5  |     0.9295  |   0.8892  |               |        3.2495  |
|          |      6  |     0.9500  |   0.9132  |               |        3.7727  |
|          |      7  |     0.9725  |   0.9328  |               |        4.2965  |
|          |   eval  |     0.9725  |   0.9328  |       0.9397  |        4.4745  |
---------------------------------------------------------------------------------
|      16  |      0  |     0.6845  |   0.4774  |               |        0.5637  |
|          |      1  |     0.8180  |   0.7558  |               |        1.1214  |
|          |      2  |     0.8415  |   0.7878  |               |        1.6785  |
|          |      3  |     0.8750  |   0.8445  |               |        2.2024  |
|          |      4  |     0.8930  |   0.8660  |               |        2.7257  |
|          |      5  |     0.9115  |   0.9003  |               |        3.2495  |
|          |      6  |     0.9540  |   0.9196  |               |        3.7729  |
|          |      7  |     0.9700  |   0.9308  |               |        4.2967  |
|          |   eval  |     0.9700  |   0.9308  |       0.9398  |        4.4748  |
---------------------------------------------------------------------------------
|      17  |      0  |     0.7025  |   0.5794  |               |        0.5636  |
|          |      1  |     0.8165  |   0.7055  |               |        1.1214  |
|          |      2  |     0.8515  |   0.8071  |               |        1.6786  |
|          |      3  |     0.8885  |   0.8373  |               |        2.2025  |
|          |      4  |     0.8990  |   0.8152  |               |        2.7258  |
|          |      5  |     0.9240  |   0.8981  |               |        3.2497  |
|          |      6  |     0.9460  |   0.9169  |               |        3.7731  |
|          |      7  |     0.9695  |   0.9308  |               |        4.2970  |
|          |   eval  |     0.9695  |   0.9308  |       0.9386  |        4.4751  |
---------------------------------------------------------------------------------
|      18  |      0  |     0.6625  |   0.5468  |               |        0.5631  |
|          |      1  |     0.7985  |   0.7447  |               |        1.1222  |
|          |      2  |     0.8380  |   0.7948  |               |        1.6808  |
|          |      3  |     0.8585  |   0.8275  |               |        2.2059  |
|          |      4  |     0.8930  |   0.8717  |               |        2.7304  |
|          |      5  |     0.9145  |   0.8879  |               |        3.2556  |
|          |      6  |     0.9475  |   0.9158  |               |        3.7802  |
|          |      7  |     0.9750  |   0.9320  |               |        4.3053  |
|          |   eval  |     0.9750  |   0.9320  |       0.9400  |        4.4836  |
---------------------------------------------------------------------------------
|      19  |      0  |     0.6745  |   0.5967  |               |        0.5637  |
|          |      1  |     0.8100  |   0.7525  |               |        1.1215  |
|          |      2  |     0.8465  |   0.7820  |               |        1.6789  |
|          |      3  |     0.8620  |   0.8202  |               |        2.2028  |
|          |      4  |     0.8980  |   0.7907  |               |        2.7263  |
|          |      5  |     0.9230  |   0.9006  |               |        3.2504  |
|          |      6  |     0.9510  |   0.9169  |               |        3.7738  |
|          |      7  |     0.9680  |   0.9327  |               |        4.2978  |
|          |   eval  |     0.9680  |   0.9327  |       0.9400  |        4.4759  |
---------------------------------------------------------------------------------
|      20  |      0  |     0.6805  |   0.5893  |               |        0.5637  |
|          |      1  |     0.8015  |   0.7208  |               |        1.1215  |
|          |      2  |     0.8450  |   0.7550  |               |        1.6788  |
|          |      3  |     0.8805  |   0.8318  |               |        2.2028  |
|          |      4  |     0.8880  |   0.8683  |               |        2.7261  |
|          |      5  |     0.9320  |   0.8820  |               |        3.2501  |
|          |      6  |     0.9495  |   0.9114  |               |        3.7735  |
|          |      7  |     0.9675  |   0.9310  |               |        4.2975  |
|          |   eval  |     0.9675  |   0.9310  |       0.9402  |        4.4755  |
---------------------------------------------------------------------------------
|      21  |      0  |     0.6695  |   0.4817  |               |        0.5637  |
|          |      1  |     0.8060  |   0.7350  |               |        1.1215  |
|          |      2  |     0.8340  |   0.7498  |               |        1.6789  |
|          |      3  |     0.8695  |   0.8208  |               |        2.2028  |
|          |      4  |     0.8940  |   0.8663  |               |        2.7262  |
|          |      5  |     0.9310  |   0.8862  |               |        3.2502  |
|          |      6  |     0.9480  |   0.9214  |               |        3.7736  |
|          |      7  |     0.9660  |   0.9305  |               |        4.2978  |
|          |   eval  |     0.9660  |   0.9305  |       0.9393  |        4.4758  |
---------------------------------------------------------------------------------
|      22  |      0  |     0.6600  |   0.6335  |               |        0.5637  |
|          |      1  |     0.7935  |   0.7146  |               |        1.1216  |
|          |      2  |     0.8540  |   0.7693  |               |        1.6790  |
|          |      3  |     0.8655  |   0.7499  |               |        2.2030  |
|          |      4  |     0.8970  |   0.8558  |               |        2.7265  |
|          |      5  |     0.9180  |   0.8956  |               |        3.2506  |
|          |      6  |     0.9360  |   0.9231  |               |        3.7740  |
|          |      7  |     0.9715  |   0.9327  |               |        4.2980  |
|          |   eval  |     0.9715  |   0.9327  |       0.9398  |        4.4761  |
---------------------------------------------------------------------------------
|      23  |      0  |     0.7110  |   0.6214  |               |        0.5637  |
|          |      1  |     0.8185  |   0.7530  |               |        1.1215  |
|          |      2  |     0.8360  |   0.8291  |               |        1.6788  |
|          |      3  |     0.8860  |   0.8046  |               |        2.2027  |
|          |      4  |     0.9005  |   0.8550  |               |        2.7261  |
|          |      5  |     0.9175  |   0.9025  |               |        3.2501  |
|          |      6  |     0.9470  |   0.9214  |               |        3.7735  |
|          |      7  |     0.9720  |   0.9325  |               |        4.2975  |
|          |   eval  |     0.9720  |   0.9325  |       0.9406  |        4.4755  |
---------------------------------------------------------------------------------
|      24  |      0  |     0.6870  |   0.6638  |               |        0.5637  |
|          |      1  |     0.8030  |   0.7579  |               |        1.1216  |
|          |      2  |     0.8365  |   0.7621  |               |        1.6789  |
|          |      3  |     0.8560  |   0.8106  |               |        2.2029  |
|          |      4  |     0.8835  |   0.8353  |               |        2.7263  |
|          |      5  |     0.9225  |   0.9021  |               |        3.2503  |
|          |      6  |     0.9470  |   0.9241  |               |        3.7736  |
|          |      7  |     0.9710  |   0.9326  |               |        4.2976  |
|          |   eval  |     0.9710  |   0.9326  |       0.9418  |        4.4757  |
---------------------------------------------------------------------------------
Mean: 0.9398    Std: 0.0009
/home/thibaut.boissin/projects/muon_conv2/logs/2887f622-76c2-4685-ae2e-87d1a50f3c44/log.pt
Experiment summary:
  run_name: default
  mean_tta_val_acc: 0.9398
  std_tta_val_acc: 0.0009
  mean_val_acc: 0.9317
  mean_train_acc: 0.9711
  mean_train_loss: inf
  num_runs: 25
  batch_size: 2000
  epochs: 8
  whitening_epochs: 3
  aug_flip: True
  aug_translate: 2
  log_path: /home/thibaut.boissin/projects/muon_conv2/logs/2887f622-76c2-4685-ae2e-87d1a50f3c44/log.pt
  optimizer_config:
    {'bias_lr': 0.053, 'head_lr': 0.67, 'adam_weight_decay_scale': 2e-06, 'muon_weight_decay_scale': 0, 'sgd_momentum': 0.85, 'muon_lr': 0.52, 'muon_momentum': 0.6, 'orthogonalize_beta_init': 0.5, 'orthogonalize_beta_end': 0.5, 'orthogonalize_num_iters': 10, 'orthogonalize_damp': 0.91, 'orthogonalize_epsilon': 0.09}




###########################################################################################################
# original speedrun by @KellerJordan
###########################################################################################################

For comparison, I've ran a full run on the same hardware ( RTX4090 ) and disabled compile to match the above setting.

---------------------------------------------------------------------------------
|  run     |  epoch  |  train_acc  |  val_acc  |  tta_val_acc  |  time_seconds  |
---------------------------------------------------------------------------------
|  warmup  |      0  |     0.1040  |   0.1009  |               |        8.8307  |
|          |      1  |     0.1050  |   0.1087  |               |        9.2887  |
|          |      2  |     0.0905  |   0.1142  |               |        9.7460  |
|          |      3  |     0.0985  |   0.0939  |               |       10.1710  |
|          |      4  |     0.0870  |   0.0975  |               |       10.5954  |
|          |      5  |     0.0920  |   0.0965  |               |       11.0204  |
|          |      6  |     0.1100  |   0.1060  |               |       11.4448  |
|          |      7  |     0.1245  |   0.1100  |               |       11.8699  |
|          |   eval  |     0.1245  |   0.1100  |       0.1114  |       12.0473  |
---------------------------------------------------------------------------------
|       0  |      0  |     0.7240  |   0.5429  |               |        0.4649  |
|          |      1  |     0.8410  |   0.5702  |               |        0.9241  |
|          |      2  |     0.8550  |   0.7981  |               |        1.3827  |
|          |      3  |     0.8845  |   0.8706  |               |        1.8082  |
|          |      4  |     0.9025  |   0.8854  |               |        2.2331  |
|          |      5  |     0.9285  |   0.9106  |               |        2.6586  |
|          |      6  |     0.9560  |   0.9270  |               |        3.0835  |
|          |      7  |     0.9770  |   0.9321  |               |        3.5090  |
|          |   eval  |     0.9770  |   0.9321  |       0.9422  |        3.6866  |
---------------------------------------------------------------------------------
|       1  |      0  |     0.7130  |   0.6679  |               |        0.4652  |
|          |      1  |     0.8000  |   0.6855  |               |        0.9245  |
|          |      2  |     0.8530  |   0.7898  |               |        1.3833  |
|          |      3  |     0.8770  |   0.7789  |               |        1.8089  |
|          |      4  |     0.9085  |   0.8495  |               |        2.2338  |
|          |      5  |     0.9325  |   0.8906  |               |        2.6593  |
|          |      6  |     0.9515  |   0.9192  |               |        3.0843  |
|          |      7  |     0.9815  |   0.9314  |               |        3.5098  |
|          |   eval  |     0.9815  |   0.9314  |       0.9406  |        3.6875  |
---------------------------------------------------------------------------------
|       2  |      0  |     0.7400  |   0.6073  |               |        0.4652  |
|          |      1  |     0.8005  |   0.7706  |               |        0.9242  |
|          |      2  |     0.8435  |   0.8061  |               |        1.3827  |
|          |      3  |     0.8800  |   0.8254  |               |        1.8079  |
|          |      4  |     0.9115  |   0.8768  |               |        2.2326  |
|          |      5  |     0.9355  |   0.9003  |               |        2.6578  |
|          |      6  |     0.9525  |   0.9202  |               |        3.0825  |
|          |      7  |     0.9785  |   0.9289  |               |        3.5077  |
|          |   eval  |     0.9785  |   0.9289  |       0.9384  |        3.6853  |
---------------------------------------------------------------------------------
|       3  |      0  |     0.7105  |   0.5799  |               |        0.4651  |
|          |      1  |     0.8125  |   0.6866  |               |        0.9240  |
|          |      2  |     0.8480  |   0.8058  |               |        1.3824  |
|          |      3  |     0.8845  |   0.8598  |               |        1.8077  |
|          |      4  |     0.9130  |   0.8611  |               |        2.2324  |
|          |      5  |     0.9225  |   0.9111  |               |        2.6576  |
|          |      6  |     0.9625  |   0.9222  |               |        3.0823  |
|          |      7  |     0.9825  |   0.9306  |               |        3.5076  |
|          |   eval  |     0.9825  |   0.9306  |       0.9393  |        3.6852  |
---------------------------------------------------------------------------------
|       4  |      0  |     0.7305  |   0.6143  |               |        0.4649  |
|          |      1  |     0.8260  |   0.7609  |               |        0.9239  |
|          |      2  |     0.8495  |   0.7888  |               |        1.3823  |
|          |      3  |     0.8610  |   0.8505  |               |        1.8076  |
|          |      4  |     0.9035  |   0.8562  |               |        2.2324  |
|          |      5  |     0.9310  |   0.8991  |               |        2.6577  |
|          |      6  |     0.9565  |   0.9243  |               |        3.0824  |
|          |      7  |     0.9790  |   0.9304  |               |        3.5077  |
|          |   eval  |     0.9790  |   0.9304  |       0.9400  |        3.6854  |
---------------------------------------------------------------------------------
|       5  |      0  |     0.7215  |   0.6317  |               |        0.4650  |
|          |      1  |     0.8165  |   0.7426  |               |        0.9240  |
|          |      2  |     0.8395  |   0.8002  |               |        1.3824  |
|          |      3  |     0.8780  |   0.8372  |               |        1.8078  |
|          |      4  |     0.9050  |   0.8764  |               |        2.2325  |
|          |      5  |     0.9240  |   0.9010  |               |        2.6578  |
|          |      6  |     0.9570  |   0.9230  |               |        3.0826  |
|          |      7  |     0.9785  |   0.9312  |               |        3.5079  |
|          |   eval  |     0.9785  |   0.9312  |       0.9404  |        3.6856  |
---------------------------------------------------------------------------------
|       6  |      0  |     0.7370  |   0.5847  |               |        0.4650  |
|          |      1  |     0.8035  |   0.7298  |               |        0.9241  |
|          |      2  |     0.8625  |   0.7628  |               |        1.3826  |
|          |      3  |     0.8760  |   0.8213  |               |        1.8088  |
|          |      4  |     0.9205  |   0.8752  |               |        2.2344  |
|          |      5  |     0.9310  |   0.9113  |               |        2.6606  |
|          |      6  |     0.9490  |   0.9244  |               |        3.0863  |
|          |      7  |     0.9770  |   0.9333  |               |        3.5124  |
|          |   eval  |     0.9770  |   0.9333  |       0.9407  |        3.6904  |
---------------------------------------------------------------------------------
|       7  |      0  |     0.7115  |   0.6830  |               |        0.4652  |
|          |      1  |     0.8185  |   0.7208  |               |        0.9247  |
|          |      2  |     0.8525  |   0.8005  |               |        1.3837  |
|          |      3  |     0.8860  |   0.8496  |               |        1.8094  |
|          |      4  |     0.8995  |   0.8898  |               |        2.2346  |
|          |      5  |     0.9235  |   0.8965  |               |        2.6603  |
|          |      6  |     0.9600  |   0.9243  |               |        3.0854  |
|          |      7  |     0.9800  |   0.9317  |               |        3.5112  |
|          |   eval  |     0.9800  |   0.9317  |       0.9399  |        3.6891  |
---------------------------------------------------------------------------------
|       8  |      0  |     0.7345  |   0.5766  |               |        0.4655  |
|          |      1  |     0.8325  |   0.7284  |               |        0.9255  |
|          |      2  |     0.8445  |   0.7899  |               |        1.3850  |
|          |      3  |     0.8855  |   0.8272  |               |        1.8112  |
|          |      4  |     0.8980  |   0.8652  |               |        2.2369  |
|          |      5  |     0.9280  |   0.8924  |               |        2.6631  |
|          |      6  |     0.9505  |   0.9205  |               |        3.0888  |
|          |      7  |     0.9760  |   0.9296  |               |        3.5150  |
|          |   eval  |     0.9760  |   0.9296  |       0.9417  |        3.6930  |
---------------------------------------------------------------------------------
|       9  |      0  |     0.7180  |   0.4933  |               |        0.4654  |
|          |      1  |     0.8040  |   0.7083  |               |        0.9250  |
|          |      2  |     0.8460  |   0.7564  |               |        1.3840  |
|          |      3  |     0.8665  |   0.8178  |               |        1.8097  |
|          |      4  |     0.9050  |   0.8492  |               |        2.2349  |
|          |      5  |     0.9475  |   0.9039  |               |        2.6607  |
|          |      6  |     0.9530  |   0.9235  |               |        3.0859  |
|          |      7  |     0.9730  |   0.9315  |               |        3.5116  |
|          |   eval  |     0.9730  |   0.9315  |       0.9400  |        3.6895  |
---------------------------------------------------------------------------------
|      10  |      0  |     0.7075  |   0.6161  |               |        0.4654  |
|          |      1  |     0.8025  |   0.6136  |               |        0.9250  |
|          |      2  |     0.8380  |   0.8169  |               |        1.3840  |
|          |      3  |     0.8725  |   0.8269  |               |        1.8098  |
|          |      4  |     0.9045  |   0.8624  |               |        2.2350  |
|          |      5  |     0.9280  |   0.9020  |               |        2.6608  |
|          |      6  |     0.9565  |   0.9227  |               |        3.0859  |
|          |      7  |     0.9830  |   0.9306  |               |        3.5117  |
|          |   eval  |     0.9830  |   0.9306  |       0.9409  |        3.6896  |
---------------------------------------------------------------------------------
|      11  |      0  |     0.7085  |   0.6887  |               |        0.4655  |
|          |      1  |     0.8000  |   0.6987  |               |        0.9251  |
|          |      2  |     0.8345  |   0.7456  |               |        1.3841  |
|          |      3  |     0.8800  |   0.8009  |               |        1.8099  |
|          |      4  |     0.9050  |   0.8573  |               |        2.2352  |
|          |      5  |     0.9290  |   0.9038  |               |        2.6611  |
|          |      6  |     0.9500  |   0.9213  |               |        3.0863  |
|          |      7  |     0.9800  |   0.9295  |               |        3.5121  |
|          |   eval  |     0.9800  |   0.9295  |       0.9381  |        3.6901  |
---------------------------------------------------------------------------------
|      12  |      0  |     0.7080  |   0.6463  |               |        0.4658  |
|          |      1  |     0.8215  |   0.6402  |               |        0.9259  |
|          |      2  |     0.8270  |   0.7808  |               |        1.3854  |
|          |      3  |     0.8840  |   0.8485  |               |        1.8117  |
|          |      4  |     0.9035  |   0.8745  |               |        2.2374  |
|          |      5  |     0.9320  |   0.8835  |               |        2.6637  |
|          |      6  |     0.9725  |   0.9244  |               |        3.0894  |
|          |      7  |     0.9795  |   0.9323  |               |        3.5157  |
|          |   eval  |     0.9795  |   0.9323  |       0.9384  |        3.6938  |
---------------------------------------------------------------------------------
|      13  |      0  |     0.7375  |   0.6659  |               |        0.4660  |
|          |      1  |     0.8040  |   0.7464  |               |        0.9261  |
|          |      2  |     0.8710  |   0.7874  |               |        1.3856  |
|          |      3  |     0.8790  |   0.8339  |               |        1.8119  |
|          |      4  |     0.8925  |   0.8508  |               |        2.2376  |
|          |      5  |     0.9345  |   0.8960  |               |        2.6639  |
|          |      6  |     0.9565  |   0.9212  |               |        3.0896  |
|          |      7  |     0.9735  |   0.9305  |               |        3.5159  |
|          |   eval  |     0.9735  |   0.9305  |       0.9376  |        3.6940  |
---------------------------------------------------------------------------------
|      14  |      0  |     0.7100  |   0.6554  |               |        0.4661  |
|          |      1  |     0.8305  |   0.6976  |               |        0.9261  |
|          |      2  |     0.8380  |   0.8322  |               |        1.3857  |
|          |      3  |     0.8735  |   0.7988  |               |        1.8120  |
|          |      4  |     0.9120  |   0.8558  |               |        2.2379  |
|          |      5  |     0.9375  |   0.9026  |               |        2.6642  |
|          |      6  |     0.9510  |   0.9219  |               |        3.0899  |
|          |      7  |     0.9750  |   0.9320  |               |        3.5162  |
|          |   eval  |     0.9750  |   0.9320  |       0.9406  |        3.6943  |
---------------------------------------------------------------------------------
|      15  |      0  |     0.7080  |   0.6352  |               |        0.4660  |
|          |      1  |     0.8205  |   0.6665  |               |        0.9261  |
|          |      2  |     0.8570  |   0.7842  |               |        1.3857  |
|          |      3  |     0.8670  |   0.8312  |               |        1.8121  |
|          |      4  |     0.9165  |   0.8838  |               |        2.2378  |
|          |      5  |     0.9260  |   0.9057  |               |        2.6641  |
|          |      6  |     0.9535  |   0.9178  |               |        3.0899  |
|          |      7  |     0.9820  |   0.9290  |               |        3.5162  |
|          |   eval  |     0.9820  |   0.9290  |       0.9365  |        3.6942  |
---------------------------------------------------------------------------------
|      16  |      0  |     0.7510  |   0.7104  |               |        0.4660  |
|          |      1  |     0.8030  |   0.7443  |               |        0.9261  |
|          |      2  |     0.8395  |   0.7731  |               |        1.3857  |
|          |      3  |     0.8740  |   0.8075  |               |        1.8121  |
|          |      4  |     0.9000  |   0.8744  |               |        2.2379  |
|          |      5  |     0.9170  |   0.9119  |               |        2.6642  |
|          |      6  |     0.9570  |   0.9176  |               |        3.0902  |
|          |      7  |     0.9750  |   0.9317  |               |        3.5165  |
|          |   eval  |     0.9750  |   0.9317  |       0.9399  |        3.6946  |
---------------------------------------------------------------------------------
|      17  |      0  |     0.7195  |   0.5059  |               |        0.4661  |
|          |      1  |     0.8170  |   0.7433  |               |        0.9262  |
|          |      2  |     0.8510  |   0.8022  |               |        1.3858  |
|          |      3  |     0.8910  |   0.8424  |               |        1.8121  |
|          |      4  |     0.9060  |   0.8819  |               |        2.2380  |
|          |      5  |     0.9260  |   0.9083  |               |        2.6644  |
|          |      6  |     0.9555  |   0.9202  |               |        3.0902  |
|          |      7  |     0.9760  |   0.9337  |               |        3.5165  |
|          |   eval  |     0.9760  |   0.9337  |       0.9405  |        3.6947  |
---------------------------------------------------------------------------------
|      18  |      0  |     0.7205  |   0.5864  |               |        0.4659  |
|          |      1  |     0.8175  |   0.7534  |               |        0.9261  |
|          |      2  |     0.8535  |   0.7585  |               |        1.3857  |
|          |      3  |     0.8685  |   0.8294  |               |        1.8121  |
|          |      4  |     0.9155  |   0.8845  |               |        2.2379  |
|          |      5  |     0.9255  |   0.9039  |               |        2.6643  |
|          |      6  |     0.9560  |   0.9215  |               |        3.0901  |
|          |      7  |     0.9780  |   0.9289  |               |        3.5164  |
|          |   eval  |     0.9780  |   0.9289  |       0.9402  |        3.6945  |
---------------------------------------------------------------------------------
|      19  |      0  |     0.6970  |   0.3674  |               |        0.4663  |
|          |      1  |     0.8210  |   0.6902  |               |        0.9271  |
|          |      2  |     0.8470  |   0.7064  |               |        1.3874  |
|          |      3  |     0.8855  |   0.8399  |               |        1.8143  |
|          |      4  |     0.8915  |   0.8374  |               |        2.2407  |
|          |      5  |     0.9250  |   0.8883  |               |        2.6677  |
|          |      6  |     0.9545  |   0.9268  |               |        3.0941  |
|          |      7  |     0.9750  |   0.9288  |               |        3.5210  |
|          |   eval  |     0.9750  |   0.9288  |       0.9395  |        3.6993  |
---------------------------------------------------------------------------------
|      20  |      0  |     0.6885  |   0.6538  |               |        0.4663  |
|          |      1  |     0.8000  |   0.7385  |               |        0.9271  |
|          |      2  |     0.8305  |   0.8261  |               |        1.3874  |
|          |      3  |     0.8830  |   0.8462  |               |        1.8144  |
|          |      4  |     0.9050  |   0.8633  |               |        2.2407  |
|          |      5  |     0.9305  |   0.8984  |               |        2.6676  |
|          |      6  |     0.9520  |   0.9208  |               |        3.0940  |
|          |      7  |     0.9770  |   0.9314  |               |        3.5209  |
|          |   eval  |     0.9770  |   0.9314  |       0.9396  |        3.6992  |
---------------------------------------------------------------------------------
|      21  |      0  |     0.7195  |   0.5006  |               |        0.4662  |
|          |      1  |     0.8120  |   0.7405  |               |        0.9270  |
|          |      2  |     0.8495  |   0.7939  |               |        1.3874  |
|          |      3  |     0.8795  |   0.7408  |               |        1.8143  |
|          |      4  |     0.9100  |   0.8854  |               |        2.2407  |
|          |      5  |     0.9365  |   0.8983  |               |        2.6676  |
|          |      6  |     0.9565  |   0.9205  |               |        3.0940  |
|          |      7  |     0.9760  |   0.9324  |               |        3.5209  |
|          |   eval  |     0.9760  |   0.9324  |       0.9416  |        3.6992  |
---------------------------------------------------------------------------------
|      22  |      0  |     0.6885  |   0.6386  |               |        0.4666  |
|          |      1  |     0.8075  |   0.5940  |               |        0.9278  |
|          |      2  |     0.8520  |   0.7799  |               |        1.3884  |
|          |      3  |     0.8845  |   0.8396  |               |        1.8157  |
|          |      4  |     0.9140  |   0.8798  |               |        2.2424  |
|          |      5  |     0.9330  |   0.9003  |               |        2.6697  |
|          |      6  |     0.9525  |   0.9182  |               |        3.0965  |
|          |      7  |     0.9765  |   0.9305  |               |        3.5238  |
|          |   eval  |     0.9765  |   0.9305  |       0.9394  |        3.7022  |
---------------------------------------------------------------------------------
|      23  |      0  |     0.7270  |   0.5443  |               |        0.4665  |
|          |      1  |     0.8070  |   0.7070  |               |        0.9273  |
|          |      2  |     0.8450  |   0.8157  |               |        1.3876  |
|          |      3  |     0.8635  |   0.8179  |               |        1.8146  |
|          |      4  |     0.8955  |   0.8748  |               |        2.2410  |
|          |      5  |     0.9380  |   0.9078  |               |        2.6680  |
|          |      6  |     0.9535  |   0.9205  |               |        3.0943  |
|          |      7  |     0.9775  |   0.9305  |               |        3.5213  |
|          |   eval  |     0.9775  |   0.9305  |       0.9427  |        3.6996  |
---------------------------------------------------------------------------------
|      24  |      0  |     0.7150  |   0.5634  |               |        0.4665  |
|          |      1  |     0.8210  |   0.7406  |               |        0.9273  |
|          |      2  |     0.8480  |   0.8019  |               |        1.3876  |
|          |      3  |     0.8805  |   0.8485  |               |        1.8146  |
|          |      4  |     0.9080  |   0.8863  |               |        2.2410  |
|          |      5  |     0.9345  |   0.9014  |               |        2.6680  |
|          |      6  |     0.9540  |   0.9243  |               |        3.0943  |
|          |      7  |     0.9695  |   0.9330  |               |        3.5213  |
|          |   eval  |     0.9695  |   0.9330  |       0.9384  |        3.6996  |
---------------------------------------------------------------------------------
Mean: 0.9399    Std: 0.0014